Date,TotalPriceChecks,RidesRequests,Unfulfilled Requests,RidesBoarded-Detailed
1/26/2025 0:16:10,246,156,58,98
1/26/2025 1:56:29,144,101,50,51
1/26/2025 2:17:27,121,91,46,45
1/26/2025 3:54:27,188,125,85,40
1/26/2025 4:28:49,187,121,93,28
1/26/2025 5:30:20,196,144,115,29
1/26/2025 6:25:38,476,335,278,57
1/26/2025 7:32:51,703,549,410,139
1/26/2025 8:30:43,339,271,103,168
1/26/2025 9:33:12,356,266,97,169
1/26/2025 10:38:41,302,261,90,171
1/26/2025 11:49:40,314,253,86,167
1/26/2025 12:56:27,420,351,175,176
1/26/2025 13:16:31,436,365,188,177
1/26/2025 14:23:50,343,280,127,153
1/26/2025 15:38:33,424,327,158,169
1/26/2025 16:20:48,469,378,175,203
1/26/2025 17:49:49,433,379,139,240
1/26/2025 18:25:05,414,312,109,203
1/26/2025 19:47:05,428,301,93,208
1/26/2025 20:37:17,411,338,138,200
1/26/2025 21:50:09,400,323,138,185
1/26/2025 22:16:07,340,268,123,145
1/26/2025 23:35:06,297,237,109,128
1/27/2025 0:15:30,234,189,106,83
1/27/2025 1:51:16,143,114,55,59
1/27/2025 2:05:25,107,77,42,35
1/27/2025 3:12:14,208,134,104,30
1/27/2025 4:02:37,166,121,95,26
1/27/2025 5:14:38,245,163,144,19
1/27/2025 6:12:38,434,426,369,57
1/27/2025 7:19:49,778,759,632,127
1/27/2025 8:50:23,388,378,207,171
1/27/2025 9:02:07,404,379,176,203
1/27/2025 10:39:53,409,340,132,208
1/27/2025 11:34:56,422,355,151,204
1/27/2025 12:23:50,422,483,317,166
1/27/2025 13:04:53,524,559,377,182
1/27/2025 14:41:20,429,430,263,167
1/27/2025 15:49:14,503,460,269,191
1/27/2025 16:35:02,523,487,288,199
1/27/2025 17:46:26,520,468,237,231
1/27/2025 18:18:56,476,472,248,224
1/27/2025 19:56:28,468,377,148,229
1/27/2025 20:08:43,531,498,272,226
1/27/2025 21:13:12,461,410,184,226
1/27/2025 22:46:48,448,367,173,194
1/27/2025 23:42:29,371,342,176,166
1/28/2025 0:35:18,293,232,118,114
1/28/2025 1:30:52,176,121,58,63
1/28/2025 2:35:55,139,96,51,45
1/28/2025 3:27:22,196,147,110,37
1/28/2025 4:10:45,199,147,119,28
1/28/2025 5:37:09,222,194,172,22
1/28/2025 6:48:27,389,372,318,54
1/28/2025 7:49:07,697,648,530,118
1/28/2025 8:03:29,365,328,169,159
1/28/2025 9:10:20,331,270,107,163
1/28/2025 10:19:26,365,326,141,185
1/28/2025 11:47:37,412,374,193,181
1/28/2025 12:10:18,435,476,298,178
1/28/2025 13:25:07,472,524,361,163
1/28/2025 14:24:16,449,404,234,170
1/28/2025 15:24:44,472,439,261,178
1/28/2025 16:16:51,521,504,335,169
1/28/2025 17:29:34,509,426,198,228
1/28/2025 18:27:54,503,384,177,207
1/28/2025 19:42:46,511,403,175,228
1/28/2025 20:38:11,520,439,186,253
1/28/2025 21:32:48,475,392,192,200
1/28/2025 22:28:09,419,344,167,177
1/28/2025 23:09:16,363,290,145,145
1/29/2025 0:50:55,239,200,105,95
1/29/2025 1:54:12,194,150,85,65
1/29/2025 2:14:25,143,103,60,43
1/29/2025 3:43:10,210,168,118,50
1/29/2025 4:14:34,239,230,194,36
1/29/2025 5:05:14,242,176,145,31
1/29/2025 6:23:37,404,378,333,45
1/29/2025 7:16:17,655,635,502,133
1/29/2025 8:06:23,358,328,157,171
1/29/2025 9:27:43,388,342,150,192
1/29/2025 10:23:09,383,300,108,192
1/29/2025 11:05:40,427,380,198,182
1/29/2025 12:41:27,411,410,223,187
1/29/2025 13:02:33,502,463,303,160
1/29/2025 14:30:44,410,332,185,147
1/29/2025 15:31:56,490,377,193,184
1/29/2025 16:19:56,568,462,254,208
1/29/2025 17:51:40,562,416,182,234
1/29/2025 18:12:47,544,410,179,231
1/29/2025 19:54:19,569,430,169,261
1/29/2025 20:22:49,609,504,244,260
1/29/2025 21:37:17,566,492,225,267
1/29/2025 22:04:07,476,360,166,194
1/29/2025 23:42:54,407,318,171,147
1/30/2025 0:54:29,292,198,118,80
1/30/2025 1:04:16,199,157,76,81
1/30/2025 2:51:34,174,152,93,59
1/30/2025 3:21:08,215,174,135,39
1/30/2025 4:49:46,242,182,150,32
1/30/2025 5:08:45,196,172,148,24
1/30/2025 6:14:33,433,371,311,60
1/30/2025 7:56:35,677,536,416,120
1/30/2025 8:44:38,413,316,165,151
1/30/2025 9:10:38,401,350,161,189
1/30/2025 10:26:06,415,339,158,181
1/30/2025 11:28:50,397,335,162,173
1/30/2025 12:31:02,461,383,216,167
1/30/2025 13:44:49,497,458,318,140
1/30/2025 14:48:05,564,516,351,165
1/30/2025 15:40:28,611,529,356,173
1/30/2025 16:39:52,705,747,575,172
1/30/2025 17:39:20,687,642,420,222
1/30/2025 18:53:09,737,709,471,238
1/30/2025 19:15:35,707,614,368,246
1/30/2025 20:50:37,747,669,406,263
1/30/2025 21:20:40,741,685,426,259
1/30/2025 22:12:54,700,691,448,243
1/30/2025 23:28:38,564,471,267,204
1/31/2025 0:29:02,451,412,261,151
1/31/2025 1:32:04,347,294,190,104
1/31/2025 2:19:55,269,258,146,112
1/31/2025 3:50:07,398,329,248,81
1/31/2025 4:41:03,366,390,335,55
1/31/2025 5:04:53,323,296,264,32
1/31/2025 6:40:22,344,288,249,39
1/31/2025 7:34:10,346,273,236,37
1/31/2025 8:18:39,196,190,136,54
1/31/2025 9:51:05,156,154,114,40
1/31/2025 10:09:29,174,175,149,26
1/31/2025 11:56:28,215,217,195,22
1/31/2025 12:47:26,159,131,108,23
1/31/2025 13:19:47,330,309,245,64
1/31/2025 14:26:22,469,397,323,74
1/31/2025 15:23:44,489,438,326,112
1/31/2025 16:24:25,624,648,481,167
1/31/2025 17:06:49,647,579,388,191
1/31/2025 18:48:56,605,526,337,189
1/31/2025 19:29:40,621,525,313,212
1/31/2025 20:23:04,755,731,475,256
1/31/2025 21:06:02,784,803,534,269
1/31/2025 22:15:50,662,687,453,234
1/31/2025 23:03:18,524,518,341,177
2/1/2025 0:45:46,567,530,329,201
2/1/2025 1:55:15,363,351,221,130
2/1/2025 2:08:10,264,232,156,76
2/1/2025 3:46:12,365,381,291,90
2/1/2025 4:11:47,354,315,266,49
2/1/2025 5:13:54,301,287,241,46
2/1/2025 6:50:31,412,363,311,52
2/1/2025 7:31:17,463,498,429,69
2/1/2025 8:42:23,218,195,130,65
2/1/2025 9:05:41,244,209,141,68
2/1/2025 10:28:39,242,218,132,86
2/1/2025 11:10:32,240,179,101,78
2/1/2025 12:41:30,240,159,64,95
2/1/2025 13:56:29,292,212,98,114
2/1/2025 14:37:17,333,268,143,125
2/1/2025 15:19:47,372,272,139,133
2/1/2025 16:28:54,501,479,291,188
2/1/2025 17:50:04,504,399,188,211
2/1/2025 18:25:36,522,442,208,234
2/1/2025 19:37:19,447,378,161,217
2/1/2025 20:50:06,528,485,277,208
2/1/2025 21:50:12,483,456,265,191
2/1/2025 22:50:06,417,432,266,166
2/1/2025 23:46:13,369,308,169,139
2/2/2025 0:54:35,260,198,102,96
2/2/2025 1:04:24,189,174,99,75
2/2/2025 2:46:18,137,113,50,63
2/2/2025 3:26:36,185,132,92,40
2/2/2025 4:48:36,226,174,146,28
2/2/2025 5:17:43,224,199,165,34
2/2/2025 6:18:48,607,474,428,46
2/2/2025 7:29:26,763,776,657,119
2/2/2025 8:26:39,329,296,156,140
2/2/2025 9:38:50,418,304,118,186
2/2/2025 10:39:11,374,304,122,182
2/2/2025 11:13:50,392,333,171,162
2/2/2025 12:37:03,442,390,235,155
2/2/2025 13:48:53,457,389,246,143
2/2/2025 14:48:13,412,318,173,145
2/2/2025 15:40:07,401,331,182,149
2/2/2025 16:45:37,531,413,217,196
2/2/2025 17:52:39,492,391,138,253
2/2/2025 18:18:19,501,392,165,227
2/2/2025 19:19:55,468,365,143,222
2/2/2025 20:30:42,461,387,162,225
2/2/2025 21:03:45,462,374,166,208
2/2/2025 22:25:52,346,276,125,151
2/2/2025 23:40:41,300,242,121,121
2/3/2025 0:20:51,229,161,77,84
2/3/2025 1:38:05,138,119,60,59
2/3/2025 2:25:56,114,104,59,45
2/3/2025 3:07:15,172,147,114,33
2/3/2025 4:41:43,193,127,100,27
2/3/2025 5:47:26,188,144,119,25
2/3/2025 6:54:27,439,308,255,53
2/3/2025 7:37:09,697,594,454,140
2/3/2025 8:08:44,380,295,126,169
2/3/2025 9:24:05,376,317,117,200
2/3/2025 10:46:34,348,274,93,181
2/3/2025 11:15:16,352,300,127,173
2/3/2025 12:04:31,402,368,225,143
2/3/2025 13:23:45,437,400,255,145
2/3/2025 14:27:23,430,352,183,169
2/3/2025 15:13:50,428,338,200,138
2/3/2025 16:52:33,469,386,209,177
2/3/2025 17:05:33,506,425,221,204
2/3/2025 18:41:15,511,390,160,230
2/3/2025 19:42:45,460,339,103,236
2/3/2025 20:31:53,472,394,164,230
2/3/2025 21:53:08,446,355,167,188
2/3/2025 22:42:54,394,302,142,160
2/3/2025 23:50:23,325,262,122,140
2/4/2025 0:03:44,220,142,72,70
2/4/2025 1:48:20,136,93,34,59
2/4/2025 2:13:09,121,94,51,43
2/4/2025 3:50:54,149,126,92,34
2/4/2025 4:02:26,145,85,56,29
2/4/2025 5:13:24,209,135,115,20
2/4/2025 6:37:09,388,380,321,59
2/4/2025 7:18:22,571,482,352,130
2/4/2025 8:48:21,322,219,90,129
2/4/2025 9:22:34,357,285,118,167
2/4/2025 10:04:40,342,288,120,168
2/4/2025 11:20:31,340,265,87,178
2/4/2025 12:31:30,391,314,156,158
2/4/2025 13:09:21,438,318,171,147
2/4/2025 14:30:52,426,344,186,158
2/4/2025 15:19:53,447,331,171,160
2/4/2025 16:28:44,570,478,261,217
2/4/2025 17:34:45,539,400,154,246
2/4/2025 18:31:53,464,352,136,216
2/4/2025 19:46:53,457,315,105,210
2/4/2025 20:37:16,444,326,118,208
2/4/2025 21:38:12,424,354,146,208
2/4/2025 22:11:52,394,306,127,179
2/4/2025 23:33:28,317,250,110,140
2/5/2025 0:09:20,265,202,97,105
2/5/2025 1:51:33,189,156,69,87
2/5/2025 2:54:11,148,97,47,50
2/5/2025 3:19:20,206,150,105,45
2/5/2025 4:08:42,224,178,152,26
2/5/2025 5:31:38,206,164,148,16
2/5/2025 6:53:35,426,416,365,51
2/5/2025 7:20:43,554,413,288,125
2/5/2025 8:40:17,296,206,86,120
2/5/2025 9:25:05,369,331,142,189
2/5/2025 10:32:55,341,276,107,169
2/5/2025 11:30:02,344,276,112,164
2/5/2025 12:22:02,352,312,153,159
2/5/2025 13:53:39,378,328,166,162
2/5/2025 14:39:39,408,342,165,177
2/5/2025 15:15:12,417,366,188,178
2/5/2025 16:50:23,569,481,259,222
2/5/2025 17:49:44,524,462,200,262
2/5/2025 18:32:14,529,448,210,238
2/5/2025 19:05:36,499,415,184,231
2/5/2025 20:23:44,552,478,219,259
2/5/2025 21:17:33,467,415,204,211
2/5/2025 22:27:06,439,344,153,191
2/5/2025 23:34:36,340,308,159,149
2/6/2025 0:32:03,263,207,91,116
2/6/2025 1:39:05,185,150,74,76
2/6/2025 2:34:41,148,113,48,65
2/6/2025 3:41:28,181,120,78,42
2/6/2025 4:09:30,224,174,133,41
2/6/2025 5:39:12,271,172,128,44
2/6/2025 6:39:08,418,387,320,67
2/6/2025 7:51:15,528,459,343,116
2/6/2025 8:49:30,291,221,91,130
2/6/2025 9:12:08,347,298,122,176
2/6/2025 10:06:27,300,240,82,158
2/6/2025 11:29:26,367,325,147,178
2/6/2025 12:52:25,343,260,99,161
2/6/2025 13:26:47,421,331,146,185
2/6/2025 14:28:23,384,282,109,173
2/6/2025 15:24:30,494,406,221,185
2/6/2025 16:31:48,647,568,323,245
2/6/2025 17:27:39,567,454,210,244
2/6/2025 18:28:56,565,400,156,244
2/6/2025 19:28:37,610,480,225,255
2/6/2025 20:41:05,686,626,357,269
2/6/2025 21:52:49,659,634,380,254
2/6/2025 22:35:51,604,559,288,271
2/6/2025 23:50:16,495,397,199,198
2/7/2025 0:03:46,416,371,202,169
2/7/2025 1:42:47,296,240,103,137
2/7/2025 2:46:47,212,212,118,94
2/7/2025 3:22:03,346,284,203,81
2/7/2025 4:44:56,380,330,265,65
2/7/2025 5:26:13,278,226,194,32
2/7/2025 6:49:05,329,308,268,40
2/7/2025 7:13:50,329,227,175,52
2/7/2025 8:23:02,158,128,83,45
2/7/2025 9:11:26,149,110,75,35
2/7/2025 10:48:15,184,151,114,37
2/7/2025 11:56:18,172,122,87,35
2/7/2025 12:15:11,134,81,63,18
2/7/2025 13:53:34,287,217,153,64
2/7/2025 14:08:36,382,333,247,86
2/7/2025 15:11:37,380,277,156,121
2/7/2025 16:16:48,469,386,243,143
2/7/2025 17:47:19,528,431,189,242
2/7/2025 18:54:02,457,350,153,197
2/7/2025 19:38:50,517,409,189,220
2/7/2025 20:33:41,580,500,232,268
2/7/2025 21:12:46,606,515,267,248
2/7/2025 22:55:49,485,407,189,218
2/7/2025 23:37:16,450,356,167,189
2/8/2025 0:46:12,441,384,179,205
2/8/2025 1:35:56,297,263,131,132
2/8/2025 2:42:23,241,201,95,106
2/8/2025 3:14:54,352,272,190,82
2/8/2025 4:55:26,413,406,345,61
2/8/2025 5:06:37,293,291,248,43
2/8/2025 6:11:09,336,273,223,50
2/8/2025 7:43:31,413,323,244,79
2/8/2025 8:27:13,223,179,102,77
2/8/2025 9:21:49,199,135,55,80
2/8/2025 10:02:36,189,128,65,63
2/8/2025 11:18:52,208,153,78,75
2/8/2025 12:10:17,218,119,49,70
2/8/2025 13:06:43,285,210,109,101
2/8/2025 14:41:02,323,256,140,116
2/8/2025 15:44:26,340,263,141,122
2/8/2025 16:45:05,461,363,184,179
2/8/2025 17:56:27,399,307,83,224
2/8/2025 18:08:17,408,268,93,175
2/8/2025 19:13:24,426,324,110,214
2/8/2025 20:46:34,421,326,135,191
2/8/2025 21:07:14,431,350,175,175
2/8/2025 22:23:50,330,299,124,175
2/8/2025 23:22:12,293,223,105,118
2/9/2025 0:21:40,265,200,104,96
2/9/2025 1:12:37,165,141,79,62
2/9/2025 2:24:32,120,93,45,48
2/9/2025 3:30:52,214,126,88,38
2/9/2025 4:33:44,197,163,128,35
2/9/2025 5:35:10,239,199,168,31
2/9/2025 6:30:45,490,428,371,57
2/9/2025 7:26:06,679,702,550,152
2/9/2025 8:07:13,296,232,85,147
2/9/2025 9:49:52,372,361,171,190
2/9/2025 10:52:04,338,281,120,161
2/9/2025 11:12:13,366,307,123,184
2/9/2025 12:41:06,340,310,162,148
2/9/2025 13:10:29,352,310,166,144
2/9/2025 14:02:11,342,282,146,136
2/9/2025 15:14:42,385,310,152,158
2/9/2025 16:19:15,484,436,226,210
2/9/2025 17:56:33,436,379,150,229
2/9/2025 18:24:53,417,321,105,216
2/9/2025 19:32:35,397,316,100,216
2/9/2025 20:15:51,428,313,114,199
2/9/2025 21:51:37,445,345,135,210
2/9/2025 22:12:28,355,266,123,143
2/9/2025 23:29:41,303,247,114,133
2/10/2025 0:19:46,225,176,89,87
2/10/2025 1:17:52,165,132,74,58
2/10/2025 2:46:35,133,86,36,50
2/10/2025 3:08:42,204,89,50,39
2/10/2025 4:51:18,166,78,59,19
2/10/2025 5:26:47,235,230,200,30
2/10/2025 6:33:15,469,368,306,62
2/10/2025 7:55:04,611,548,415,133
2/10/2025 8:38:52,343,273,123,150
2/10/2025 9:48:28,335,293,111,182
2/10/2025 10:03:14,386,337,145,192
2/10/2025 11:49:32,376,322,152,170
2/10/2025 12:18:04,349,300,131,169
2/10/2025 13:48:35,369,352,201,151
2/10/2025 14:07:42,415,351,202,149
2/10/2025 15:10:25,384,357,213,144
2/10/2025 16:51:31,473,385,206,179
2/10/2025 17:40:41,475,375,150,225
2/10/2025 18:29:36,464,346,110,236
2/10/2025 19:23:05,438,332,124,208
2/10/2025 20:23:48,492,414,175,239
2/10/2025 21:27:55,402,352,134,218
2/10/2025 22:42:46,361,278,102,176
2/10/2025 23:47:03,343,266,124,142
2/11/2025 0:39:22,240,183,85,98
2/11/2025 1:36:48,208,135,63,72
2/11/2025 2:37:09,108,88,46,42
2/11/2025 3:51:05,174,105,65,40
2/11/2025 4:14:19,157,124,104,20
2/11/2025 5:42:21,226,187,163,24
2/11/2025 6:03:30,425,387,320,67
2/11/2025 7:03:38,642,608,479,129
2/11/2025 8:12:35,381,316,152,164
2/11/2025 9:14:51,413,388,179,209
2/11/2025 10:28:02,354,313,128,185
2/11/2025 11:17:52,414,396,184,212
2/11/2025 12:48:05,339,275,119,156
2/11/2025 13:40:02,396,320,166,154
2/11/2025 14:53:50,401,336,178,158
2/11/2025 15:38:10,416,327,178,149
2/11/2025 16:32:06,534,496,299,197
2/11/2025 17:15:35,471,416,166,250
2/11/2025 18:48:52,462,354,129,225
2/11/2025 19:06:33,468,372,145,227
2/11/2025 20:04:24,456,392,162,230
2/11/2025 21:43:24,430,347,119,228
2/11/2025 22:15:45,379,333,148,185
2/11/2025 23:18:21,356,277,123,154
2/12/2025 0:12:42,248,181,80,101
2/12/2025 1:22:23,196,147,70,77
2/12/2025 2:03:46,131,85,33,52
2/12/2025 3:47:53,180,138,100,38
2/12/2025 4:28:29,199,176,149,27
2/12/2025 5:21:51,245,203,179,24
2/12/2025 6:04:53,409,317,254,63
2/12/2025 7:11:46,617,561,431,130
2/12/2025 8:50:22,358,280,128,152
2/12/2025 9:49:43,382,350,147,203
2/12/2025 10:51:13,376,320,134,186
2/12/2025 11:04:08,390,347,158,189
2/12/2025 12:42:09,340,266,119,147
2/12/2025 13:56:46,381,308,150,158
2/12/2025 14:12:13,409,322,168,154
2/12/2025 15:47:35,391,340,171,169
2/12/2025 16:36:22,570,483,280,203
2/12/2025 17:46:18,535,475,221,254
2/12/2025 18:11:45,473,382,158,224
2/12/2025 19:33:36,477,354,123,231
2/12/2025 20:14:28,492,381,159,222
2/12/2025 21:37:33,485,445,206,239
2/12/2025 22:05:25,370,295,137,158
2/12/2025 23:34:09,336,267,133,134
2/13/2025 0:15:46,272,215,99,116
2/13/2025 1:23:52,183,137,50,87
2/13/2025 2:38:02,156,101,49,52
2/13/2025 3:23:35,222,146,97,49
2/13/2025 4:30:18,218,151,122,29
2/13/2025 5:47:04,242,198,171,27
2/13/2025 6:47:55,413,309,254,55
2/13/2025 7:48:56,562,476,354,122
2/13/2025 8:45:25,328,248,96,152
2/13/2025 9:52:32,380,336,153,183
2/13/2025 10:55:27,372,324,143,181
2/13/2025 11:49:14,418,348,139,209
2/13/2025 12:23:32,332,278,119,159
2/13/2025 13:05:35,418,340,169,171
2/13/2025 14:12:42,436,343,174,169
2/13/2025 15:06:46,483,390,221,169
2/13/2025 16:24:24,536,459,257,202
2/13/2025 17:24:36,581,449,237,212
2/13/2025 18:37:49,465,354,159,195
2/13/2025 19:36:04,541,416,187,229
2/13/2025 20:11:45,589,563,351,212
2/13/2025 21:34:54,564,542,357,185
2/13/2025 22:41:50,525,457,250,207
2/13/2025 23:45:17,420,386,216,170
2/14/2025 0:43:03,383,316,154,162
2/14/2025 1:41:21,273,245,123,122
2/14/2025 2:48:24,209,204,103,101
2/14/2025 3:03:05,310,258,180,78
2/14/2025 4:51:36,318,261,212,49
2/14/2025 5:13:27,218,140,116,24
2/14/2025 6:43:43,347,300,256,44
2/14/2025 7:39:50,338,287,236,51
2/14/2025 8:39:40,148,135,86,49
2/14/2025 9:17:48,128,115,82,33
2/14/2025 10:35:55,142,135,96,39
2/14/2025 11:22:52,150,139,113,26
2/14/2025 12:05:18,142,89,72,17
2/14/2025 13:46:35,278,229,161,68
2/14/2025 14:43:22,344,304,220,84
2/14/2025 15:49:22,343,250,162,88
2/14/2025 16:33:06,430,333,187,146
2/14/2025 17:53:42,457,352,153,199
2/14/2025 18:16:04,430,344,137,207
2/14/2025 19:44:32,489,384,168,216
2/14/2025 20:12:13,532,451,210,241
2/14/2025 21:02:29,602,569,320,249
2/14/2025 22:22:37,477,423,210,213
2/14/2025 23:26:20,436,361,155,206
2/15/2025 0:11:46,346,301,131,170
2/15/2025 1:49:37,261,228,112,116
2/15/2025 2:09:29,226,193,88,105
2/15/2025 3:33:12,302,233,149,84
2/15/2025 4:38:42,296,221,161,60
2/15/2025 5:27:50,294,252,211,41
2/15/2025 6:42:05,323,255,204,51
2/15/2025 7:39:48,353,263,184,79
2/15/2025 8:46:22,193,125,61,64
2/15/2025 9:56:42,190,152,72,80
2/15/2025 10:46:18,178,143,57,86
2/15/2025 11:11:05,197,148,68,80
2/15/2025 12:44:08,217,159,70,89
2/15/2025 13:56:36,295,226,131,95
2/15/2025 14:23:40,297,243,133,110
2/15/2025 15:53:18,386,298,171,127
2/15/2025 16:27:18,412,349,197,152
2/15/2025 17:03:18,445,376,169,207
2/15/2025 18:19:28,362,296,135,161
2/15/2025 19:47:37,481,355,149,206
2/15/2025 20:16:29,415,326,147,179
2/15/2025 21:23:28,402,317,146,171
2/15/2025 22:08:20,355,305,149,156
2/15/2025 23:27:51,284,254,122,132
2/16/2025 0:16:51,204,152,77,75
2/16/2025 1:25:40,147,101,40,61
2/16/2025 2:33:42,111,79,34,45
2/16/2025 3:30:18,174,81,58,23
2/16/2025 4:44:49,187,124,103,21
2/16/2025 5:32:12,199,148,123,25
2/16/2025 6:34:07,602,485,429,56
2/16/2025 7:08:51,604,531,403,128
2/16/2025 8:37:27,311,276,122,154
2/16/2025 9:05:18,382,334,192,142
2/16/2025 10:46:31,332,311,140,171
2/16/2025 11:52:09,332,282,115,167
2/16/2025 12:18:14,298,223,90,133
2/16/2025 13:06:41,336,289,142,147
2/16/2025 14:28:34,351,312,151,161
2/16/2025 15:51:30,360,302,146,156
2/16/2025 16:19:46,424,369,181,188
2/16/2025 17:34:14,471,340,112,228
2/16/2025 18:21:02,456,297,93,204
2/16/2025 19:28:51,390,290,82,208
2/16/2025 20:26:45,379,271,76,195
2/16/2025 21:11:16,373,317,130,187
2/16/2025 22:50:38,319,269,94,175
2/16/2025 23:35:25,236,170,66,104
2/17/2025 0:53:52,181,115,41,74
2/17/2025 1:36:08,143,96,44,52
2/17/2025 2:50:30,88,57,32,25
2/17/2025 3:19:11,154,126,84,42
2/17/2025 4:45:32,185,159,133,26
2/17/2025 5:20:48,197,163,142,21
2/17/2025 6:14:29,449,446,377,69
2/17/2025 7:24:03,586,536,416,120
2/17/2025 8:31:28,291,238,108,130
2/17/2025 9:27:46,350,373,210,163
2/17/2025 10:27:02,333,269,113,156
2/17/2025 11:25:39,331,250,86,164
2/17/2025 12:38:27,306,230,86,144
2/17/2025 13:05:29,309,231,94,137
2/17/2025 14:37:09,391,280,134,146
2/17/2025 15:36:05,374,291,129,162
2/17/2025 16:49:14,424,333,148,185
2/17/2025 17:47:22,436,292,99,193
2/17/2025 18:09:11,485,330,103,227
2/17/2025 19:03:23,427,288,81,207
2/17/2025 20:27:21,384,313,106,207
2/17/2025 21:49:22,424,342,148,194
2/17/2025 22:17:36,348,248,84,164
2/17/2025 23:16:20,255,175,64,111
2/18/2025 0:19:28,204,145,63,82
2/18/2025 1:27:45,141,93,35,58
2/18/2025 2:24:32,129,92,39,53
2/18/2025 3:26:54,154,117,81,36
2/18/2025 4:25:34,154,88,62,26
2/18/2025 5:38:03,185,101,82,19
2/18/2025 6:50:45,426,380,301,79
2/18/2025 7:29:56,491,464,331,133
2/18/2025 8:47:13,323,238,90,148
2/18/2025 9:56:10,389,339,168,171
2/18/2025 10:38:11,315,260,87,173
2/18/2025 11:11:55,323,235,68,167
2/18/2025 12:35:23,336,263,105,158
2/18/2025 13:08:22,376,324,167,157
2/18/2025 14:45:11,373,280,123,157
2/18/2025 15:45:03,368,309,137,172
2/18/2025 16:12:49,414,331,149,182
2/18/2025 17:21:56,418,324,98,226
2/18/2025 18:09:24,382,286,95,191
2/18/2025 19:45:11,415,313,100,213
2/18/2025 20:54:22,415,341,120,221
2/18/2025 21:14:08,401,309,97,212
2/18/2025 22:51:46,330,241,69,172
2/18/2025 23:03:31,284,202,74,128
2/19/2025 0:06:25,214,159,75,84
2/19/2025 1:56:44,156,105,48,57
2/19/2025 2:44:18,129,97,50,47
2/19/2025 3:50:56,173,119,87,32
2/19/2025 4:34:47,166,116,85,31
2/19/2025 5:36:38,208,147,113,34
2/19/2025 6:10:45,452,377,316,61
2/19/2025 7:54:43,563,480,337,143
2/19/2025 8:34:14,311,241,116,125
2/19/2025 9:43:15,354,305,131,174
2/19/2025 10:32:52,332,265,87,178
2/19/2025 11:41:20,317,245,78,167
2/19/2025 12:08:51,348,259,91,168
2/19/2025 13:50:14,343,256,117,139
2/19/2025 14:50:32,335,293,133,160
2/19/2025 15:08:07,385,297,127,170
2/19/2025 16:40:45,422,335,145,190
2/19/2025 17:23:11,458,318,94,224
2/19/2025 18:25:46,449,347,123,224
2/19/2025 19:54:34,446,326,96,230
2/19/2025 20:17:37,459,334,96,238
2/19/2025 21:24:04,428,347,130,217
2/19/2025 22:46:34,343,300,120,180
2/19/2025 23:26:41,335,274,118,156
2/20/2025 0:30:21,239,145,49,96
2/20/2025 1:31:52,187,129,51,78
2/20/2025 2:53:17,123,79,27,52
2/20/2025 3:51:13,157,114,79,35
2/20/2025 4:09:20,242,186,149,37
2/20/2025 5:42:31,196,133,113,20
2/20/2025 6:54:13,395,357,292,65
2/20/2025 7:27:49,449,326,217,109
2/20/2025 8:18:09,283,270,127,143
2/20/2025 9:18:38,361,288,116,172
2/20/2025 10:11:35,332,258,110,148
2/20/2025 11:23:36,338,279,107,172
2/20/2025 12:27:43,345,259,94,165
2/20/2025 13:31:40,422,315,153,162
2/20/2025 14:32:05,427,355,186,169
2/20/2025 15:42:35,407,328,170,158
2/20/2025 16:15:03,480,383,222,161
2/20/2025 17:03:09,507,393,160,233
2/20/2025 18:45:49,465,354,144,210
2/20/2025 19:48:56,564,462,184,278
2/20/2025 20:16:12,552,439,205,234
2/20/2025 21:37:55,565,438,178,260
2/20/2025 22:07:27,466,408,185,223
2/20/2025 23:54:08,399,301,123,178
2/21/2025 0:12:39,338,304,147,157
2/21/2025 1:18:12,286,239,93,146
2/21/2025 2:50:30,234,197,100,97
2/21/2025 3:21:49,366,260,169,91
2/21/2025 4:30:24,282,226,175,51
2/21/2025 5:04:47,258,163,128,35
2/21/2025 6:48:29,329,258,217,41
2/21/2025 7:08:39,260,221,161,60
2/21/2025 8:37:50,129,94,51,43
2/21/2025 9:34:56,134,97,59,38
2/21/2025 10:26:08,139,102,65,37
2/21/2025 11:52:34,149,128,107,21
2/21/2025 12:18:40,134,91,72,19
2/21/2025 13:49:16,236,230,171,59
2/21/2025 14:23:43,358,293,203,90
2/21/2025 15:32:06,405,281,173,108
2/21/2025 16:54:56,458,326,178,148
2/21/2025 17:35:40,474,391,199,192
2/21/2025 18:36:24,473,325,123,202
2/21/2025 19:54:10,568,438,192,246
2/21/2025 20:41:28,553,424,195,229
2/21/2025 21:15:03,597,488,254,234
2/21/2025 22:51:32,550,454,226,228
2/21/2025 23:03:39,481,373,184,189
2/22/2025 0:08:23,410,313,155,158
2/22/2025 1:50:30,267,228,113,115
2/22/2025 2:38:35,254,216,104,112
2/22/2025 3:27:32,340,251,167,84
2/22/2025 4:21:55,354,264,194,70
2/22/2025 5:17:45,304,226,182,44
2/22/2025 6:26:45,301,225,164,61
2/22/2025 7:30:42,353,240,169,71
2/22/2025 8:43:54,173,141,74,67
2/22/2025 9:35:17,177,135,50,85
2/22/2025 10:33:46,202,120,36,84
2/22/2025 11:41:23,179,133,58,75
2/22/2025 12:47:03,234,139,66,73
2/22/2025 13:10:17,286,200,103,97
2/22/2025 14:39:19,347,241,121,120
2/22/2025 15:02:29,373,252,130,122
2/22/2025 16:17:36,508,369,189,180
2/22/2025 17:10:18,589,423,178,245
2/22/2025 18:11:34,575,414,186,228
2/22/2025 19:14:33,654,488,244,244
2/22/2025 20:49:32,761,651,412,239
2/22/2025 21:31:44,780,782,557,225
2/22/2025 22:24:53,607,618,436,182
2/22/2025 23:49:48,581,515,321,194
2/23/2025 0:42:09,467,378,231,147
2/23/2025 1:24:05,322,264,138,126
2/23/2025 2:11:33,281,257,154,103
2/23/2025 3:46:49,296,225,153,72
2/23/2025 4:03:30,302,215,155,60
2/23/2025 5:03:12,268,218,173,45
2/23/2025 6:41:21,373,206,143,63
2/23/2025 7:12:40,418,282,213,69
2/23/2025 8:16:09,268,206,119,87
2/23/2025 9:10:38,242,177,64,113
2/23/2025 10:34:20,217,139,49,90
2/23/2025 11:54:43,248,183,81,102
2/23/2025 12:42:56,231,173,96,77
2/23/2025 13:31:27,284,207,115,92
2/23/2025 14:17:49,333,277,163,114
2/23/2025 15:56:52,372,258,132,126
2/23/2025 16:09:39,454,352,198,154
2/23/2025 17:47:19,490,371,165,206
2/23/2025 18:47:41,428,288,103,185
2/23/2025 19:45:10,487,377,157,220
2/23/2025 20:02:05,478,332,117,215
2/23/2025 21:39:53,494,388,167,221
2/23/2025 22:54:41,430,321,132,189
2/23/2025 23:08:09,391,299,125,174
2/24/2025 0:44:32,323,220,89,131
2/24/2025 1:33:21,227,174,77,97
2/24/2025 2:49:16,174,130,64,66
2/24/2025 3:06:43,278,191,125,66
2/24/2025 4:19:41,252,168,130,38
2/24/2025 5:11:33,304,237,202,35
2/24/2025 6:41:39,390,312,248,64
2/24/2025 7:10:30,509,347,258,89
2/24/2025 8:38:06,320,250,143,107
2/24/2025 9:21:42,329,281,124,157
2/24/2025 10:22:36,334,243,87,156
2/24/2025 11:36:54,272,227,88,139
2/24/2025 12:19:30,309,243,113,130
2/24/2025 13:26:14,360,310,173,137
2/24/2025 14:44:08,376,301,171,130
2/24/2025 15:47:54,431,396,247,149
2/24/2025 16:43:54,542,459,257,202
2/24/2025 17:41:23,546,416,189,227
2/24/2025 18:48:30,482,367,147,220
2/24/2025 19:54:21,543,422,151,271
2/24/2025 20:48:13,527,414,188,226
2/24/2025 21:20:29,532,455,197,258
2/24/2025 22:03:31,437,359,157,202
2/24/2025 23:11:30,409,304,128,176
2/25/2025 0:55:43,308,219,95,124
2/25/2025 1:22:21,209,146,61,85
2/25/2025 2:20:32,185,125,54,71
2/25/2025 3:33:52,230,147,98,49
2/25/2025 4:40:55,302,160,124,36
2/25/2025 5:08:44,271,222,179,43
2/25/2025 6:30:52,329,209,151,58
2/25/2025 7:37:48,439,360,250,110
2/25/2025 8:42:15,301,229,134,95
2/25/2025 9:37:02,323,281,139,142
2/25/2025 10:40:20,275,226,90,136
2/25/2025 11:46:20,289,221,96,125
2/25/2025 12:55:48,284,201,87,114
2/25/2025 13:49:32,357,295,155,140
2/25/2025 14:12:24,375,326,184,142
2/25/2025 15:40:22,422,364,222,142
2/25/2025 16:22:41,522,423,244,179
2/25/2025 17:29:24,568,454,220,234
2/25/2025 18:52:33,495,418,236,182
2/25/2025 19:20:54,578,527,270,257
2/25/2025 20:05:50,528,414,189,225
2/25/2025 21:49:16,516,434,230,204
2/25/2025 22:43:32,484,424,221,203
2/25/2025 23:41:21,446,366,182,184
2/26/2025 0:48:51,324,260,127,133
2/26/2025 1:31:50,240,195,84,111
2/26/2025 2:50:38,188,136,68,68
2/26/2025 3:14:54,236,155,107,48
2/26/2025 4:41:28,262,187,145,42
2/26/2025 5:24:18,280,202,167,35
2/26/2025 6:05:25,397,374,318,56
2/26/2025 7:17:34,550,489,388,101
2/26/2025 8:21:17,333,314,202,112
2/26/2025 9:08:39,326,308,159,149
2/26/2025 10:39:35,317,255,127,128
2/26/2025 11:06:26,260,242,120,122
2/26/2025 12:30:10,307,245,122,123
2/26/2025 13:37:39,387,393,280,113
2/26/2025 14:21:40,407,369,251,118
2/26/2025 15:39:02,433,398,258,140
2/26/2025 16:37:43,515,489,326,163
2/26/2025 17:44:17,620,536,330,206
2/26/2025 18:53:06,536,440,242,198
2/26/2025 19:50:15,586,543,318,225
2/26/2025 20:06:03,608,567,317,250
2/26/2025 21:40:06,641,703,485,218
2/26/2025 22:52:33,533,552,356,196
2/26/2025 23:02:38,493,461,281,180
2/27/2025 0:52:16,366,312,175,137
2/27/2025 1:24:28,276,245,142,103
2/27/2025 2:55:28,226,203,122,81
2/27/2025 3:29:28,296,269,210,59
2/27/2025 4:04:46,304,296,245,51
2/27/2025 5:27:33,314,226,191,35
2/27/2025 6:33:23,494,362,297,65
2/27/2025 7:04:23,628,614,506,108
2/27/2025 8:27:47,438,511,404,107
2/27/2025 9:13:48,428,514,392,122
2/27/2025 10:21:39,377,459,320,139
2/27/2025 11:28:39,401,415,269,146
2/27/2025 12:18:15,386,369,235,134
2/27/2025 13:40:48,521,593,470,123
2/27/2025 14:31:06,620,730,600,130
2/27/2025 15:32:05,658,808,655,153
2/27/2025 16:05:39,849,"1,067",907,160
2/27/2025 17:35:23,892,"1,153",972,181
2/27/2025 18:03:15,770,954,764,190
2/27/2025 19:40:28,899,"1,093",876,217
2/27/2025 20:48:12,883,"1,043",834,209
2/27/2025 21:21:10,954,"1,311","1,059",252
2/27/2025 22:02:37,792,946,767,179
2/27/2025 23:26:28,667,743,543,200
2/28/2025 0:48:29,574,590,427,163
2/28/2025 1:07:44,380,420,298,122
2/28/2025 2:29:11,267,293,184,109
2/28/2025 3:20:55,370,282,205,77
2/28/2025 4:22:50,366,335,287,48
2/28/2025 5:24:44,374,319,280,39
2/28/2025 6:09:12,413,485,454,31
2/28/2025 7:47:33,404,455,401,54
2/28/2025 8:34:17,204,178,125,53
2/28/2025 9:52:02,195,189,151,38
2/28/2025 10:39:04,182,186,148,38
2/28/2025 11:46:25,193,205,180,25
2/28/2025 12:14:51,136,108,92,16
2/28/2025 13:37:18,306,307,253,54
2/28/2025 14:53:34,452,359,294,65
2/28/2025 15:53:14,469,412,333,79
2/28/2025 16:09:56,643,526,413,113
2/28/2025 17:16:25,790,645,474,171
2/28/2025 18:26:45,661,490,350,140
2/28/2025 19:24:43,854,780,616,164
2/28/2025 20:23:34,704,581,404,177
2/28/2025 21:35:23,697,635,458,177
2/28/2025 22:53:32,789,683,521,162
2/28/2025 23:41:06,675,598,445,153
3/1/2025 0:32:02,568,594,469,125
3/1/2025 1:45:10,374,338,231,107
3/1/2025 2:43:19,283,309,247,62
3/1/2025 3:54:10,389,380,334,46
3/1/2025 4:55:17,372,429,402,27
3/1/2025 5:23:19,424,390,371,19
3/1/2025 6:46:19,444,318,291,27
3/1/2025 7:15:34,287,198,171,27
3/1/2025 8:14:17,160,118,88,30
3/1/2025 9:13:24,144,113,71,42
3/1/2025 10:24:41,163,112,79,33
3/1/2025 11:22:36,213,162,114,48
3/1/2025 12:30:50,256,185,129,56
3/1/2025 13:22:46,287,264,190,74
3/1/2025 14:34:55,345,314,233,81
3/1/2025 15:46:42,350,260,189,71
3/1/2025 16:17:53,378,326,227,99
3/1/2025 17:44:11,480,477,337,140
3/1/2025 18:42:09,317,381,354,27
3/1/2025 19:35:09,446,389,311,78
3/1/2025 20:09:52,486,396,266,130
3/1/2025 21:33:20,506,462,254,208
3/1/2025 22:07:13,606,557,374,183
3/1/2025 23:43:31,633,639,446,193
3/2/2025 0:11:30,580,537,365,172
3/2/2025 1:33:13,469,482,333,149
3/2/2025 2:41:20,386,438,336,102
3/2/2025 3:24:20,451,374,325,49
3/2/2025 4:10:09,485,491,451,40
3/2/2025 5:43:19,377,250,232,18
3/2/2025 6:10:06,460,296,262,34
3/2/2025 7:48:44,334,234,197,37
3/2/2025 8:02:30,373,423,354,69
3/2/2025 9:04:19,326,317,227,90
3/2/2025 10:53:41,250,291,203,88
3/2/2025 11:42:13,299,248,149,99
3/2/2025 12:09:52,387,395,285,110
3/2/2025 13:32:51,474,382,262,120
3/2/2025 14:33:34,404,340,224,116
3/2/2025 15:06:41,382,260,155,105
3/2/2025 16:50:38,341,250,162,88
3/2/2025 17:31:03,397,284,175,109
3/2/2025 18:33:09,205,165,139,26
3/2/2025 19:28:50,479,323,215,108
3/2/2025 20:36:18,534,357,191,166
3/2/2025 21:03:48,579,465,228,237
3/2/2025 22:49:13,662,515,292,223
3/2/2025 23:43:31,622,509,318,191
3/3/2025 0:05:02,570,403,224,179
3/3/2025 1:38:41,413,317,170,147
3/3/2025 2:21:15,339,335,209,126
3/3/2025 3:24:38,442,390,327,63
3/3/2025 4:50:31,340,273,246,27
3/3/2025 5:13:32,361,261,247,14
3/3/2025 6:20:47,331,248,220,28
3/3/2025 7:36:32,354,267,224,43
3/3/2025 8:18:40,408,450,379,71
3/3/2025 9:25:07,280,242,147,95
3/3/2025 10:27:37,275,201,116,85
3/3/2025 11:38:02,293,237,156,81
3/3/2025 12:37:49,387,494,412,82
3/3/2025 13:50:07,452,449,318,131
3/3/2025 14:27:27,449,443,305,138
3/3/2025 15:52:16,408,353,214,139
3/3/2025 16:25:44,408,330,208,122
3/3/2025 17:12:06,338,320,230,90
3/3/2025 18:15:35,219,223,208,15
3/3/2025 19:06:23,492,465,370,95
3/3/2025 20:11:34,502,409,217,192
3/3/2025 21:24:41,637,537,245,292
3/3/2025 22:28:39,711,608,328,280
3/3/2025 23:28:54,733,779,518,261
3/4/2025 0:39:32,650,684,466,218
3/4/2025 1:13:56,461,433,289,144
3/4/2025 2:51:08,351,368,267,101
3/4/2025 3:43:46,487,458,381,77
3/4/2025 4:46:05,404,350,312,38
3/4/2025 5:14:08,343,194,162,32
3/4/2025 6:35:50,397,333,292,41
3/4/2025 7:04:24,325,275,239,36
3/4/2025 8:51:13,211,187,136,51
3/4/2025 9:55:35,208,192,120,72
3/4/2025 10:13:09,210,173,107,66
3/4/2025 11:46:27,226,208,142,66
3/4/2025 12:18:48,277,267,189,78
3/4/2025 13:04:22,350,292,197,95
3/4/2025 14:02:45,363,290,164,126
3/4/2025 15:45:26,347,297,184,113
3/4/2025 16:07:35,391,300,184,116
3/4/2025 17:36:50,381,371,268,103
3/4/2025 18:32:53,215,226,207,19
3/4/2025 19:24:03,474,423,338,85
3/4/2025 20:48:42,534,443,277,166
3/4/2025 21:14:42,572,531,283,248
3/4/2025 22:45:25,731,668,384,284
3/4/2025 23:32:53,722,806,531,275
3/5/2025 0:40:04,266,231,178,53
3/5/2025 1:07:54,48,29,16,13
3/5/2025 2:40:54,408,443,336,107
3/5/2025 3:35:22,530,498,431,67
3/5/2025 4:51:08,460,374,330,44
3/5/2025 5:38:26,382,311,281,30
3/5/2025 6:13:06,377,276,228,48
3/5/2025 7:10:29,344,248,212,36
3/5/2025 8:02:36,368,424,362,62
3/5/2025 9:04:19,305,232,133,99
3/5/2025 10:46:18,225,169,93,76
3/5/2025 11:27:31,285,216,116,100
3/5/2025 12:23:31,364,348,232,116
3/5/2025 13:17:49,442,286,189,97
3/5/2025 14:13:42,434,289,180,109
3/5/2025 15:29:42,344,234,144,90
3/5/2025 16:23:41,368,229,139,90
3/5/2025 17:41:53,416,318,213,105
3/5/2025 18:32:15,219,144,105,39
3/5/2025 19:31:49,529,297,180,117
3/5/2025 20:38:18,542,379,190,189
3/5/2025 21:46:54,638,478,213,265
3/5/2025 22:08:09,703,562,274,288
3/5/2025 23:35:07,768,579,345,234
3/6/2025 0:45:25,685,515,306,209
3/6/2025 1:12:32,486,377,225,152
3/6/2025 2:07:17,468,423,312,111
3/6/2025 3:07:33,547,462,389,73
3/6/2025 4:17:31,425,433,383,50
3/6/2025 5:47:30,380,264,235,29
3/6/2025 6:30:42,460,311,271,40
3/6/2025 7:22:34,318,219,180,39
3/6/2025 8:34:40,269,217,154,63
3/6/2025 9:27:47,223,169,96,73
3/6/2025 10:09:43,256,243,155,88
3/6/2025 11:52:29,285,233,143,90
3/6/2025 12:25:39,297,253,156,97
3/6/2025 13:47:26,390,273,160,113
3/6/2025 14:54:08,425,277,166,111
3/6/2025 15:37:18,387,284,161,123
3/6/2025 16:09:34,422,323,210,113
3/6/2025 17:20:08,485,356,214,142
3/6/2025 18:05:36,278,235,193,42
3/6/2025 19:31:17,525,309,201,108
3/6/2025 20:53:41,684,480,273,207
3/6/2025 21:36:55,698,492,247,245
3/6/2025 22:29:24,786,638,363,275
3/6/2025 23:15:44,904,727,514,213
3/7/2025 0:53:48,777,597,390,207
3/7/2025 1:06:28,600,408,245,163
3/7/2025 2:37:16,497,506,386,120
3/7/2025 3:42:53,682,612,535,77
3/7/2025 4:40:07,622,447,383,64
3/7/2025 5:53:02,485,420,389,31
3/7/2025 6:38:52,612,519,490,29
3/7/2025 7:51:40,395,305,279,26
3/7/2025 8:05:06,220,195,169,26
3/7/2025 9:42:30,203,172,142,30
3/7/2025 10:30:18,261,243,220,23
3/7/2025 11:48:13,293,310,278,32
3/7/2025 12:05:35,222,209,180,29
3/7/2025 13:17:37,456,273,217,56
3/7/2025 14:09:22,621,427,353,74
3/7/2025 15:26:35,530,390,296,94
3/7/2025 16:07:26,476,301,200,101
3/7/2025 17:34:10,552,429,310,119
3/7/2025 18:16:46,325,312,274,38
3/7/2025 19:32:41,616,406,290,116
3/7/2025 20:39:03,627,405,268,137
3/7/2025 21:25:51,681,486,271,215
3/7/2025 22:31:12,837,615,391,224
3/7/2025 23:42:05,"1,013",847,622,225
3/8/2025 0:44:50,919,772,566,206
3/8/2025 1:42:51,718,546,388,158
3/8/2025 2:55:20,521,529,408,121
3/8/2025 3:46:18,691,632,545,87
3/8/2025 4:42:16,612,546,490,56
3/8/2025 5:44:08,469,300,267,33
3/8/2025 6:18:21,599,513,458,55
3/8/2025 7:54:29,343,258,221,37
3/8/2025 8:14:28,194,130,90,40
3/8/2025 9:51:40,170,141,106,35
3/8/2025 10:19:18,187,167,128,39
3/8/2025 11:14:31,200,187,133,54
3/8/2025 12:30:50,277,225,171,54
3/8/2025 13:38:53,397,314,235,79
3/8/2025 14:05:40,358,242,166,76
3/8/2025 15:29:09,333,261,165,96
3/8/2025 16:36:37,383,250,159,91
3/8/2025 17:31:10,369,282,175,107
3/8/2025 18:33:52,235,189,171,18
3/8/2025 19:36:15,484,252,157,95
3/8/2025 20:03:18,536,338,161,177
3/8/2025 21:04:47,625,435,214,221
3/8/2025 22:45:29,685,496,261,235
3/8/2025 23:08:21,736,492,281,211
3/9/2025 0:37:20,644,460,249,211
3/9/2025 1:21:39,540,450,276,174
3/9/2025 2:28:17,435,395,255,140
3/9/2025 3:49:29,475,390,314,76
3/9/2025 4:18:37,481,377,325,52
3/9/2025 5:54:26,426,272,242,30
3/9/2025 6:35:56,538,321,279,42
3/9/2025 7:27:17,295,186,155,31
3/9/2025 8:24:16,353,304,234,70
3/9/2025 9:31:49,283,286,185,101
3/9/2025 10:35:48,275,198,125,73
3/9/2025 11:47:32,293,261,201,60
3/9/2025 12:09:52,434,427,354,73
3/9/2025 13:38:26,473,313,220,93
3/9/2025 14:22:15,412,312,195,117
3/9/2025 15:04:23,375,262,159,103
3/9/2025 16:11:31,351,256,159,97
3/9/2025 17:19:13,375,302,186,116
3/9/2025 18:06:28,206,142,106,36
3/9/2025 19:37:31,479,279,173,106
3/9/2025 20:03:18,533,351,187,164
3/9/2025 21:27:07,661,420,187,233
3/9/2025 22:33:42,632,494,254,240
3/9/2025 23:24:37,704,542,293,249
3/10/2025 0:36:55,656,465,261,204
3/10/2025 1:29:42,542,391,217,174
3/10/2025 2:40:16,433,363,238,125
3/10/2025 3:51:04,542,417,347,70
3/10/2025 4:48:12,535,472,431,41
3/10/2025 5:05:50,506,330,286,44
3/10/2025 6:38:03,511,363,316,47
3/10/2025 7:49:22,347,267,229,38
3/10/2025 8:55:34,326,264,192,72
3/10/2025 9:47:12,292,221,116,105
3/10/2025 10:16:25,267,243,152,91
3/10/2025 11:52:33,287,267,170,97
3/10/2025 12:32:26,375,437,350,87
3/10/2025 13:54:44,417,319,227,92
3/10/2025 14:23:31,406,304,175,129
3/10/2025 15:30:34,380,314,201,113
3/10/2025 16:15:49,388,281,169,112
3/10/2025 17:37:56,401,357,237,120
3/10/2025 18:23:03,236,193,156,37
3/10/2025 19:27:35,583,314,208,106
3/10/2025 20:40:29,771,511,335,176
3/10/2025 21:16:12,744,542,283,259
3/10/2025 22:38:44,762,628,361,267
3/10/2025 23:27:56,834,616,390,226
3/11/2025 0:29:09,763,491,262,229
3/11/2025 1:10:33,599,408,245,163
3/11/2025 2:31:20,475,487,340,147
3/11/2025 3:54:12,547,482,406,76
3/11/2025 4:36:25,556,410,375,35
3/11/2025 5:46:10,481,326,285,41
3/11/2025 6:14:08,433,312,266,46
3/11/2025 7:55:34,361,233,184,49
3/11/2025 8:23:24,318,228,151,77
3/11/2025 9:45:18,257,189,101,88
3/11/2025 10:06:56,255,233,149,84
3/11/2025 11:27:08,289,246,152,94
3/11/2025 12:16:50,380,288,195,93
3/11/2025 13:17:53,427,288,190,98
3/11/2025 14:28:40,400,300,202,98
3/11/2025 15:21:11,398,265,154,111
3/11/2025 16:43:32,385,271,176,95
3/11/2025 17:30:14,405,352,229,123
3/11/2025 18:32:54,273,182,138,44
3/11/2025 19:38:52,610,325,214,111
3/11/2025 20:45:24,726,439,246,193
3/11/2025 21:12:47,739,536,247,289
3/11/2025 22:34:06,791,580,330,250
3/11/2025 23:50:30,826,594,370,224
3/12/2025 0:46:11,702,454,265,189
3/12/2025 1:06:40,568,397,208,189
3/12/2025 2:11:16,460,378,205,173
3/12/2025 3:17:28,576,474,393,81
3/12/2025 4:09:29,538,417,365,52
3/12/2025 5:08:21,528,373,339,34
3/12/2025 6:19:17,468,342,300,42
3/12/2025 7:21:30,374,243,193,50
3/12/2025 8:39:04,328,240,166,74
3/12/2025 9:46:55,269,211,134,77
3/12/2025 10:44:09,265,234,155,79
3/12/2025 11:41:09,265,207,103,104
3/12/2025 12:51:05,366,261,149,112
3/12/2025 13:53:12,433,312,196,116
3/12/2025 14:21:16,410,283,184,99
3/12/2025 15:43:19,383,272,163,109
3/12/2025 16:18:30,428,281,172,109
3/12/2025 17:10:15,396,281,179,102
3/12/2025 18:09:22,243,152,124,28
3/12/2025 19:21:40,554,313,209,104
3/12/2025 20:53:34,603,375,207,168
3/12/2025 21:28:48,691,479,256,223
3/12/2025 22:20:44,763,491,278,213
3/12/2025 23:33:52,788,531,335,196
3/13/2025 0:45:27,718,538,346,192
3/13/2025 1:15:50,602,418,266,152
3/13/2025 2:42:06,518,470,325,145
3/13/2025 3:39:05,614,458,378,80
3/13/2025 4:32:13,604,482,427,55
3/13/2025 5:08:49,552,436,395,41
3/13/2025 6:28:16,590,438,404,34
3/13/2025 7:03:11,373,234,187,47
3/13/2025 8:39:29,268,209,145,64
3/13/2025 9:47:23,257,210,124,86
3/13/2025 10:30:12,247,214,133,81
3/13/2025 11:38:18,278,282,195,87
3/13/2025 12:22:41,338,226,151,75
3/13/2025 13:08:21,421,297,192,105
3/13/2025 14:05:39,446,305,206,99
3/13/2025 15:32:26,404,290,181,109
3/13/2025 16:13:40,501,326,229,97
3/13/2025 17:21:33,479,344,221,123
3/13/2025 18:08:15,282,177,129,48
3/13/2025 19:50:38,678,373,258,115
3/13/2025 20:38:07,874,476,298,178
3/13/2025 21:05:49,794,523,254,269
3/13/2025 22:12:49,953,624,384,240
3/13/2025 23:25:33,921,691,457,234
3/14/2025 0:05:40,848,619,404,215
3/14/2025 1:47:36,725,513,334,179
3/14/2025 2:29:56,589,611,473,138
3/14/2025 3:30:05,829,744,663,81
3/14/2025 4:27:46,647,553,494,59
3/14/2025 5:35:30,682,510,468,42
3/14/2025 6:56:51,703,539,492,47
3/14/2025 7:52:09,476,396,357,39
3/14/2025 8:39:27,222,170,132,38
3/14/2025 9:02:56,227,193,157,36
3/14/2025 10:50:39,294,293,267,26
3/14/2025 11:56:12,304,292,265,27
3/14/2025 12:19:36,339,309,270,39
3/14/2025 13:49:28,545,372,317,55
3/14/2025 14:12:26,638,494,431,63
3/14/2025 15:18:46,495,376,292,84
3/14/2025 16:33:28,477,270,187,83
3/14/2025 17:15:35,568,419,310,109
3/14/2025 18:24:04,344,259,210,49
3/14/2025 19:20:42,629,388,289,99
3/14/2025 20:41:53,714,414,265,149
3/14/2025 21:33:45,751,467,253,214
3/14/2025 22:46:02,875,587,385,202
3/14/2025 23:24:03,"1,024",771,566,205
3/15/2025 0:21:02,919,665,482,183
3/15/2025 1:08:30,739,536,352,184
3/15/2025 2:50:47,585,547,390,157
3/15/2025 3:56:33,762,663,558,105
3/15/2025 4:08:21,746,566,507,59
3/15/2025 5:10:31,737,542,481,61
3/15/2025 6:22:37,725,602,536,66
3/15/2025 7:25:34,390,293,245,48
3/15/2025 8:27:02,202,141,106,35
3/15/2025 9:44:29,237,159,113,46
3/15/2025 10:09:48,188,166,121,45
3/15/2025 11:47:04,247,200,153,47
3/15/2025 12:39:44,260,160,118,42
3/15/2025 13:22:04,440,241,164,77
3/15/2025 14:11:07,346,202,127,75
3/15/2025 15:31:48,427,273,169,104
3/15/2025 16:02:21,452,296,189,107
3/15/2025 17:49:10,395,290,166,124
3/15/2025 18:54:34,269,181,137,44
3/15/2025 19:12:56,587,342,232,110
3/15/2025 20:43:23,668,431,257,174
3/15/2025 21:16:51,754,477,242,235
3/15/2025 22:07:18,751,517,298,219
3/15/2025 23:54:41,771,550,342,208
3/16/2025 0:37:23,698,474,275,199
3/16/2025 1:02:33,514,394,238,156
3/16/2025 2:16:47,488,460,305,155
3/16/2025 3:29:50,640,443,362,81
3/16/2025 4:21:52,578,441,404,37
3/16/2025 5:46:41,571,367,317,50
3/16/2025 6:12:39,520,288,234,54
3/16/2025 7:43:23,338,206,151,55
3/16/2025 8:30:50,279,208,120,88
3/16/2025 9:34:13,305,216,118,98
3/16/2025 10:05:14,255,234,152,82
3/16/2025 11:50:07,317,276,204,72
3/16/2025 12:43:30,336,254,168,86
3/16/2025 13:05:12,420,268,170,98
3/16/2025 14:47:15,408,266,165,101
3/16/2025 15:05:03,373,253,156,97
3/16/2025 16:05:27,377,262,178,84
3/16/2025 17:52:34,350,258,150,108
3/16/2025 18:53:17,249,148,117,31
3/16/2025 19:44:17,643,319,213,106
3/16/2025 20:25:28,721,431,233,198
3/16/2025 21:21:27,747,538,255,283
3/16/2025 22:15:45,763,549,279,270
3/16/2025 23:12:47,765,570,341,229
3/17/2025 0:26:54,740,500,301,199
3/17/2025 1:19:36,579,431,265,166
3/17/2025 2:37:48,465,443,286,157
3/17/2025 3:24:04,602,438,348,90
3/17/2025 4:12:48,535,408,358,50
3/17/2025 5:34:16,605,420,367,53
3/17/2025 6:41:52,604,438,369,69
3/17/2025 7:04:06,386,245,173,72
3/17/2025 8:34:06,300,197,89,108
3/17/2025 9:44:19,303,231,122,109
3/17/2025 10:10:30,297,259,175,84
3/17/2025 11:04:13,269,264,192,72
3/17/2025 12:56:36,333,224,141,83
3/17/2025 13:16:28,389,269,179,90
3/17/2025 14:43:26,397,253,155,98
3/17/2025 15:26:37,398,285,171,114
3/17/2025 16:18:23,436,332,209,123
3/17/2025 17:15:37,367,272,162,110
3/17/2025 18:24:35,246,147,109,38
3/17/2025 19:05:42,559,303,195,108
3/17/2025 20:48:14,607,363,190,173
3/17/2025 21:23:24,704,536,264,272
3/17/2025 22:33:12,762,557,277,280
3/17/2025 23:55:49,823,640,401,239
3/18/2025 0:22:14,748,523,307,216
3/18/2025 1:49:37,584,453,271,182
3/18/2025 2:18:03,493,376,246,130
3/18/2025 3:04:28,576,470,379,91
3/18/2025 4:28:14,578,402,348,54
3/18/2025 5:48:29,682,371,313,58
3/18/2025 6:16:51,641,461,403,58
3/18/2025 7:26:21,404,222,156,66
3/18/2025 8:07:43,265,200,119,81
3/18/2025 9:49:46,270,178,111,67
3/18/2025 10:03:25,289,278,203,75
3/18/2025 11:34:14,249,216,138,78
3/18/2025 12:41:50,308,191,122,69
3/18/2025 13:39:04,350,201,122,79
3/18/2025 14:51:05,406,296,188,108
3/18/2025 15:36:47,386,234,132,102
3/18/2025 16:48:36,431,258,146,112
3/18/2025 17:47:03,436,334,210,124
3/18/2025 18:39:19,258,148,102,46
3/18/2025 19:10:14,629,310,190,120
3/18/2025 20:44:10,777,475,256,219
3/18/2025 21:56:32,823,566,292,274
3/18/2025 22:14:35,876,598,313,285
3/18/2025 23:13:15,942,578,336,242
3/19/2025 0:23:32,816,523,314,209
3/19/2025 1:04:24,643,458,293,165
3/19/2025 2:28:08,565,389,268,121
3/19/2025 3:15:50,728,635,539,96
3/19/2025 4:30:37,631,507,450,57
3/19/2025 5:37:54,706,523,453,70
3/19/2025 6:20:47,656,474,390,84
3/19/2025 7:28:08,444,323,250,73
3/19/2025 8:30:04,285,202,125,77
3/19/2025 9:47:54,284,193,101,92
3/19/2025 10:45:55,237,183,103,80
3/19/2025 11:03:17,265,217,156,61
3/19/2025 12:02:17,308,182,123,59
3/19/2025 13:36:15,407,236,157,79
3/19/2025 14:41:06,394,271,165,106
3/19/2025 15:15:19,382,278,183,95
3/19/2025 16:52:32,440,303,188,115
3/19/2025 17:13:19,425,273,168,105
3/19/2025 18:49:37,241,169,128,41
3/19/2025 19:16:14,563,326,217,109
3/19/2025 20:09:19,753,471,263,208
3/19/2025 21:12:46,793,549,282,267
3/19/2025 22:30:50,923,527,269,258
3/19/2025 23:56:39,957,607,398,209
3/20/2025 0:24:06,865,542,339,203
3/20/2025 1:39:35,660,442,255,187
3/20/2025 2:30:04,587,380,240,140
3/20/2025 3:31:51,743,644,537,107
3/20/2025 4:33:13,563,459,405,54
3/20/2025 5:55:21,769,562,487,75
3/20/2025 6:02:43,811,594,494,100
3/20/2025 7:38:26,521,401,301,100
3/20/2025 8:07:18,287,180,115,65
3/20/2025 9:33:08,330,250,173,77
3/20/2025 10:56:35,294,239,168,71
3/20/2025 11:24:13,272,237,165,72
3/20/2025 12:46:28,303,201,134,67
3/20/2025 13:14:25,458,239,164,75
3/20/2025 14:02:24,454,297,210,87
3/20/2025 15:31:53,465,265,175,90
3/20/2025 16:20:14,529,374,263,111
3/20/2025 17:23:03,507,337,230,107
3/20/2025 18:29:41,300,181,141,40
3/20/2025 19:20:32,627,346,235,111
3/20/2025 20:32:15,721,429,272,157
3/20/2025 21:51:37,745,493,275,218
3/20/2025 22:23:11,804,548,304,244
3/20/2025 23:45:11,712,438,257,181
3/21/2025 0:55:19,736,473,274,199
3/21/2025 1:07:29,536,362,208,154
3/21/2025 2:16:12,575,399,290,109
3/21/2025 3:05:26,1080,1059,991,68
3/21/2025 4:32:29,800,659,603,56
3/21/2025 5:56:16,828,592,528,64
3/21/2025 6:25:04,876,710,612,98
3/21/2025 7:32:56,554,455,379,76
3/21/2025 8:23:34,288,189,140,49
3/21/2025 9:34:51,283,184,133,51
3/21/2025 10:26:38,267,302,252,50
3/21/2025 11:38:05,269,240,220,20
3/21/2025 12:21:56,269,172,153,19
3/21/2025 13:43:09,462,291,233,58
3/21/2025 14:56:47,535,364,308,56
3/21/2025 15:34:56,451,245,163,82
3/21/2025 16:54:15,459,297,213,84
3/21/2025 17:52:33,541,360,228,132
3/21/2025 18:45:10,270,169,119,50
3/21/2025 19:14:22,620,303,213,90
3/21/2025 20:50:30,726,432,266,166
3/21/2025 21:26:23,727,492,260,232
3/21/2025 22:53:41,889,578,348,230
3/21/2025 23:20:27,844,519,318,201
3/22/2025 0:27:23,661,403,237,166
3/22/2025 1:50:45,484,357,203,154
3/22/2025 2:34:53,547,389,245,144
3/22/2025 3:19:50,910,870,776,94
3/22/2025 4:23:44,749,569,501,68
3/22/2025 5:42:39,785,650,587,63
3/22/2025 6:40:22,828,717,630,87
3/22/2025 7:47:55,484,318,252,66
3/22/2025 8:37:55,281,193,121,72
3/22/2025 9:39:06,264,168,105,63
3/22/2025 10:07:29,233,189,123,66
3/22/2025 11:30:17,227,162,114,48
3/22/2025 12:53:04,248,177,122,55
3/22/2025 13:33:14,374,215,138,77
3/22/2025 14:27:06,385,227,144,83
3/22/2025 15:10:04,356,251,159,92
3/22/2025 16:52:31,430,313,199,114
3/22/2025 17:15:22,447,306,186,120
3/22/2025 18:48:15,269,215,161,54
3/22/2025 19:02:53,580,288,176,112
3/22/2025 20:24:06,620,330,187,143
3/22/2025 21:15:44,697,483,252,231
3/22/2025 22:15:52,707,450,241,209
3/22/2025 23:25:37,789,520,329,191
3/23/2025 0:18:06,584,394,223,171
3/23/2025 1:42:28,433,348,226,122
3/23/2025 2:23:04,457,307,204,103
3/23/2025 3:30:51,905,866,777,89
3/23/2025 4:33:48,691,573,533,40
3/23/2025 5:40:20,822,514,456,58
3/23/2025 6:09:40,864,686,596,90
3/23/2025 7:38:05,545,375,246,129
3/23/2025 8:46:27,243,188,76,112
3/23/2025 9:42:09,313,250,128,122
3/23/2025 10:04:38,321,308,229,79
3/23/2025 11:05:15,267,213,128,85
3/23/2025 12:16:27,285,196,105,91
3/23/2025 13:06:24,396,272,187,85
3/23/2025 14:05:17,377,258,172,86
3/23/2025 15:17:48,410,242,145,97
3/23/2025 16:20:14,431,296,200,96
3/23/2025 17:22:38,397,260,157,103
3/23/2025 18:29:38,284,174,129,45
3/23/2025 19:27:12,621,302,200,102
3/23/2025 20:27:06,722,383,242,141
3/23/2025 21:48:04,841,570,303,267
3/23/2025 22:49:10,801,506,277,229
3/23/2025 23:17:13,767,483,265,218
3/24/2025 0:41:16,621,491,271,220
3/24/2025 1:17:28,498,371,184,187
3/24/2025 2:09:27,519,362,215,147
3/24/2025 3:06:18,863,876,785,91
3/24/2025 4:19:28,719,595,538,57
3/24/2025 5:51:30,820,564,490,74
3/24/2025 6:25:44,805,704,603,101
3/24/2025 7:06:41,478,338,231,107
3/24/2025 8:28:55,261,173,84,89
3/24/2025 9:48:25,271,233,154,79
3/24/2025 10:12:48,287,220,144,76
3/24/2025 11:39:55,262,213,142,71
3/24/2025 12:35:04,335,205,129,76
3/24/2025 13:30:10,436,264,168,96
3/24/2025 14:06:47,476,291,180,111
3/24/2025 15:27:15,486,282,162,120
3/24/2025 16:51:08,481,310,201,109
3/24/2025 17:37:17,492,299,193,106
3/24/2025 18:45:19,306,163,126,37
3/24/2025 19:28:08,748,345,244,101
3/24/2025 20:35:30,838,476,326,150
3/24/2025 21:18:46,708,473,264,209
3/24/2025 22:11:19,727,438,259,179
3/24/2025 23:56:37,753,500,281,219
3/25/2025 0:28:23,579,401,234,167
3/25/2025 1:25:07,488,325,195,130
3/25/2025 2:20:55,511,322,214,108
3/25/2025 3:29:36,1030,1142,1061,81
3/25/2025 4:16:04,852,845,796,49
3/25/2025 5:05:26,1068,932,857,75
3/25/2025 6:27:39,1043,972,864,108
3/25/2025 7:33:41,689,596,510,86
3/25/2025 8:23:28,352,203,125,78
3/25/2025 9:56:35,296,212,133,79
3/25/2025 10:39:41,288,242,168,74
3/25/2025 11:33:53,253,198,137,61
3/25/2025 12:26:02,273,210,136,74
3/25/2025 13:22:44,438,273,191,82
3/25/2025 14:31:27,452,278,191,87
3/25/2025 15:45:50,456,308,228,80
3/25/2025 16:51:02,464,294,194,100
3/25/2025 17:37:25,516,353,263,90
3/25/2025 18:55:52,311,219,175,44
3/25/2025 19:48:28,730,418,318,100
3/25/2025 20:55:09,943,685,508,177
3/25/2025 21:13:33,994,742,506,236
3/25/2025 22:44:24,"1,028",664,433,231
3/25/2025 23:07:29,910,550,359,191
3/26/2025 0:22:42,849,518,330,188
3/26/2025 1:30:22,639,423,283,140
3/26/2025 2:11:34,630,406,276,130
3/26/2025 3:20:56,1045,1098,997,101
3/26/2025 4:09:39,763,701,628,73
3/26/2025 5:40:51,1037,936,861,75
3/26/2025 6:27:44,1022,869,755,114
3/26/2025 7:43:55,648,476,379,97
3/26/2025 8:21:46,352,216,136,80
3/26/2025 9:18:53,313,196,112,84
3/26/2025 10:07:21,303,301,228,73
3/26/2025 11:49:44,293,227,157,70
3/26/2025 12:51:23,308,188,121,67
3/26/2025 13:11:05,473,302,215,87
3/26/2025 14:49:16,554,340,243,97
3/26/2025 15:56:23,507,325,230,95
3/26/2025 16:10:33,621,427,323,104
3/26/2025 17:03:54,644,371,277,94
3/26/2025 18:41:27,364,223,176,47
3/26/2025 19:07:45,839,419,331,88
3/26/2025 20:46:02,853,524,400,124
3/26/2025 21:37:48,828,562,370,192
3/26/2025 22:20:54,913,520,343,177
3/26/2025 23:08:02,803,449,297,152
3/27/2025 0:24:45,676,372,213,159
3/27/2025 1:54:26,553,322,189,133
3/27/2025 2:52:06,511,294,179,115
3/27/2025 3:50:29,1187,677,599,78
3/27/2025 4:08:53,1130,646,594,52
3/27/2025 5:40:22,1448,776,702,74
3/27/2025 6:05:45,1294,698,602,96
3/27/2025 7:04:16,833,411,311,100
3/27/2025 8:51:39,401,271,172,99
3/27/2025 9:35:21,370,272,180,92
3/27/2025 10:56:22,368,243,164,79
3/27/2025 11:14:44,332,203,134,69
3/27/2025 12:26:46,354,269,200,69
3/27/2025 13:18:48,519,306,218,88
3/27/2025 14:43:44,534,355,249,106
3/27/2025 15:16:51,572,384,245,139
3/27/2025 16:39:19,533,358,238,120
3/27/2025 17:26:47,570,364,248,116
3/27/2025 18:29:11,408,208,159,49
3/27/2025 19:49:13,807,435,317,118
3/27/2025 20:07:06,"1,009",560,388,172
3/27/2025 21:40:28,"1,024",641,403,238
3/27/2025 22:03:10,"1,113",733,499,234
3/27/2025 23:45:25,"1,080",742,540,202
3/28/2025 0:04:07,910,545,388,157
3/28/2025 1:16:36,711,447,290,157
3/28/2025 2:07:42,672,444,323,121
3/28/2025 3:06:21,942,527,443,84
3/28/2025 4:05:13,821,464,413,51
3/28/2025 5:17:25,1289,857,792,65
3/28/2025 6:17:25,1166,681,581,100
3/28/2025 7:11:42,737,399,315,84
3/28/2025 8:55:45,395,222,140,82
3/28/2025 9:23:52,386,280,210,70
3/28/2025 10:18:35,306,215,163,52
3/28/2025 11:35:42,354,238,191,47
3/28/2025 12:22:02,290,181,148,33
3/28/2025 13:09:44,587,354,285,69
3/28/2025 14:48:13,660,449,375,74
3/28/2025 15:40:49,599,360,283,77
3/28/2025 16:02:10,610,359,269,90
3/28/2025 17:37:02,497,353,257,96
3/28/2025 18:40:14,377,240,195,45
3/28/2025 19:07:26,744,430,317,113
3/28/2025 20:56:07,793,490,365,125
3/28/2025 21:44:33,755,485,312,173
3/28/2025 22:12:26,914,579,393,186
3/28/2025 23:36:24,"1,042",650,452,198
3/29/2025 0:25:36,"1,014",577,430,147
3/29/2025 1:16:21,629,438,297,141
3/29/2025 2:13:33,627,339,243,96
3/29/2025 3:22:31,1073,620,542,78
3/29/2025 4:03:38,862,441,388,53
3/29/2025 5:47:14,1253,662,581,81
3/29/2025 6:26:20,1247,678,574,104
3/29/2025 7:29:08,751,375,296,79
3/29/2025 8:51:45,393,229,136,93
3/29/2025 9:19:56,370,257,184,73
3/29/2025 10:34:24,368,243,167,76
3/29/2025 11:56:44,361,241,175,66
3/29/2025 12:43:13,300,185,136,49
3/29/2025 13:14:54,522,283,197,86
3/29/2025 14:35:23,600,366,273,93
3/29/2025 15:03:50,527,304,192,112
3/29/2025 16:23:17,605,403,312,91
3/29/2025 17:04:39,536,383,293,90
3/29/2025 18:48:50,357,242,193,49
3/29/2025 19:03:22,761,611,520,91
3/29/2025 20:30:11,912,773,646,127
3/29/2025 21:37:46,972,778,639,139
3/29/2025 22:35:02,955,885,767,118
3/29/2025 23:40:54,841,717,614,103
3/30/2025 0:33:46,816,651,556,95
3/30/2025 1:44:33,634,520,427,93
3/30/2025 2:44:56,557,408,319,89
3/30/2025 3:36:17,917,642,577,65
3/30/2025 4:04:13,1126,956,900,56
3/30/2025 5:42:07,985,790,769,21
3/30/2025 6:53:28,588,492,467,25
3/30/2025 7:11:38,1138,1016,982,34
3/30/2025 8:11:11,726,732,698,34
3/30/2025 9:20:29,655,564,525,39
3/30/2025 10:56:36,529,381,340,41
3/30/2025 11:24:43,525,370,308,62
3/30/2025 12:03:48,488,416,357,59
3/30/2025 13:22:35,486,390,345,45
3/30/2025 14:34:53,376,311,272,39
3/30/2025 15:18:46,372,265,221,44
3/30/2025 16:25:05,387,233,195,38
3/30/2025 17:27:02,415,254,187,67
3/30/2025 18:45:51,371,191,140,51
3/30/2025 19:44:47,425,234,167,67
3/30/2025 20:55:27,472,277,203,74
3/30/2025 21:55:19,586,407,310,97
3/30/2025 22:38:18,625,385,271,114
3/30/2025 23:45:10,548,347,237,110
3/31/2025 0:14:07,487,309,200,109
3/31/2025 1:47:30,375,231,148,83
3/31/2025 2:09:17,288,195,108,87
3/31/2025 3:45:35,614,332,248,84
3/31/2025 4:14:28,550,371,299,72
3/31/2025 5:08:18,599,330,275,55
3/31/2025 6:09:44,647,297,235,62
3/31/2025 7:27:47,700,404,332,72
3/31/2025 8:55:34,413,248,180,68
3/31/2025 9:38:11,370,223,154,69
3/31/2025 10:37:32,316,175,115,60
3/31/2025 11:25:55,323,228,165,63
3/31/2025 12:27:47,288,167,127,40
3/31/2025 13:30:44,390,241,188,53
3/31/2025 14:45:20,340,241,180,61
3/31/2025 15:53:40,346,237,181,56
3/31/2025 16:34:24,374,221,153,68
3/31/2025 17:02:16,432,258,168,90
3/31/2025 18:26:07,389,233,140,93
3/31/2025 19:54:34,505,280,183,97
3/31/2025 20:21:11,562,326,219,107
3/31/2025 21:44:23,737,510,372,138
3/31/2025 22:12:29,705,475,352,123
3/31/2025 23:56:21,645,393,269,124
4/1/2025 0:30:45,515,289,195,94
4/1/2025 1:16:10,411,268,163,105
4/1/2025 2:19:38,297,201,123,78
4/1/2025 3:34:38,506,327,245,82
4/1/2025 4:17:30,602,382,317,65
4/1/2025 5:28:14,718,385,329,56
4/1/2025 6:46:34,605,321,253,68
4/1/2025 7:20:51,691,392,301,91
4/1/2025 8:43:52,402,238,137,101
4/1/2025 9:41:56,303,231,141,90
4/1/2025 10:47:12,249,173,115,58
4/1/2025 11:56:15,279,187,123,64
4/1/2025 12:45:22,286,194,127,67
4/1/2025 13:31:25,324,195,135,60
4/1/2025 14:48:13,319,211,139,72
4/1/2025 15:20:39,319,210,141,69
4/1/2025 16:20:52,360,249,169,80
4/1/2025 17:18:32,393,247,148,99
4/1/2025 18:31:44,369,206,110,96
4/1/2025 19:22:36,525,352,228,124
4/1/2025 20:41:02,615,354,218,136
4/1/2025 21:19:54,777,515,353,162
4/1/2025 22:42:07,673,440,294,146
4/1/2025 23:50:44,561,359,212,147
4/2/2025 0:32:05,500,330,191,139
4/2/2025 1:51:11,398,300,169,131
4/2/2025 2:49:29,378,299,179,120
4/2/2025 3:42:02,547,323,231,92
4/2/2025 4:10:04,542,343,268,75
4/2/2025 5:38:26,650,377,314,63
4/2/2025 6:22:21,649,369,288,81
4/2/2025 7:49:38,655,375,265,110
4/2/2025 8:12:25,395,239,137,102
4/2/2025 9:32:21,338,224,121,103
4/2/2025 10:48:42,275,203,100,103
4/2/2025 11:31:51,287,207,103,104
4/2/2025 12:18:47,258,184,103,81
4/2/2025 13:22:49,263,190,116,74
4/2/2025 14:40:30,277,196,128,68
4/2/2025 15:38:17,331,253,174,79
4/2/2025 16:45:51,371,216,126,90
4/2/2025 17:29:48,373,261,148,113
4/2/2025 18:28:16,283,209,106,103
4/2/2025 19:15:40,528,317,172,145
4/2/2025 20:38:27,589,347,206,141
4/2/2025 21:06:14,652,431,265,166
4/2/2025 22:50:12,678,389,241,148
4/2/2025 23:38:20,610,394,246,148
4/3/2025 0:08:02,481,302,145,157
4/3/2025 1:49:29,369,273,152,121
4/3/2025 2:13:25,305,244,151,93
4/3/2025 3:47:12,491,309,223,86
4/3/2025 4:16:50,538,332,274,58
4/3/2025 5:21:56,662,436,375,61
4/3/2025 6:10:24,649,323,237,86
4/3/2025 7:05:47,641,369,275,94
4/3/2025 8:22:29,355,243,121,122
4/3/2025 9:14:05,307,216,105,111
4/3/2025 10:37:25,321,233,112,121
4/3/2025 11:26:56,295,227,123,104
4/3/2025 12:27:49,281,182,101,81
4/3/2025 13:27:47,292,193,131,62
4/3/2025 14:38:18,313,245,160,85
4/3/2025 15:06:43,376,254,168,86
4/3/2025 16:36:56,411,287,189,98
4/3/2025 17:45:13,434,293,149,144
4/3/2025 18:41:06,386,266,130,136
4/3/2025 19:54:18,487,374,201,173
4/3/2025 20:49:11,517,345,204,141
4/3/2025 21:11:23,643,462,268,194
4/3/2025 22:19:23,634,432,249,183
4/3/2025 23:02:15,499,325,167,158
4/4/2025 0:20:45,449,322,157,165
4/4/2025 1:16:12,396,299,169,130
4/4/2025 2:21:36,308,262,151,111
4/4/2025 3:28:37,474,303,215,88
4/4/2025 4:25:48,530,335,257,78
4/4/2025 5:25:45,541,350,280,70
4/4/2025 6:33:42,550,305,227,78
4/4/2025 7:30:50,481,267,196,71
4/4/2025 8:04:38,269,150,74,76
4/4/2025 9:17:12,260,170,87,83
4/4/2025 10:13:24,189,150,78,72
4/4/2025 11:05:24,187,135,84,51
4/4/2025 12:03:17,160,130,98,32
4/4/2025 13:23:22,294,222,159,63
4/4/2025 14:46:28,280,183,104,79
4/4/2025 15:22:42,307,223,126,97
4/4/2025 16:04:38,345,264,143,121
4/4/2025 17:27:54,343,251,117,134
4/4/2025 18:42:21,324,267,124,143
4/4/2025 19:09:44,507,350,164,186
4/4/2025 20:36:51,527,347,217,130
4/4/2025 21:34:39,692,483,307,176
4/4/2025 22:19:02,603,384,215,169
4/4/2025 23:02:43,500,346,178,168
4/5/2025 0:23:11,470,358,187,171
4/5/2025 1:47:05,301,203,92,111
4/5/2025 2:41:16,295,234,104,130
4/5/2025 3:36:18,440,324,231,93
4/5/2025 4:24:05,455,328,249,79
4/5/2025 5:33:27,518,346,296,50
4/5/2025 6:16:43,564,321,233,88
4/5/2025 7:10:10,568,338,228,110
4/5/2025 8:54:34,344,213,89,124
4/5/2025 9:25:19,316,245,101,144
4/5/2025 10:23:42,253,184,70,114
4/5/2025 11:08:51,247,176,75,101
4/5/2025 12:21:32,222,167,82,85
4/5/2025 13:13:56,281,172,84,88
4/5/2025 14:55:24,289,193,107,86
4/5/2025 15:30:05,329,219,133,86
4/5/2025 16:30:07,380,242,141,101
4/5/2025 17:43:50,391,275,116,159
4/5/2025 18:22:17,359,245,118,127
4/5/2025 19:05:38,418,276,124,152
4/5/2025 20:54:50,484,315,166,149
4/5/2025 21:20:54,586,410,258,152
4/5/2025 22:21:41,466,317,190,127
4/5/2025 23:28:08,446,313,174,139